Generated by GetData Graph Digitizer 2.26.0.20 on March 07 2024, 20:25
from file 'C:\Users\dell\Documents\GitHub\Group_7_design\Extra pics\graph1.jpg'

Line #1
 1.00486498943972e+002    6.36344407156365e-001
 1.07822183215313e+002    6.88755381427590e-001
 1.15157236079848e+002    7.43801426768912e-001
 1.22492288944383e+002    7.98847472110235e-001
 1.29826710402111e+002    8.56528588521656e-001
 1.37161763266646e+002    9.11574633862978e-001
 1.44497447537987e+002    9.63985608134204e-001
 1.51833131809328e+002    1.01639658240543e+000
 1.59061055985789e+002    1.07408190819556e+000
 1.66395477443518e+002    1.13176302460698e+000
 1.73729898901247e+002    1.18944414101840e+000
 1.81064951765782e+002    1.24449018635972e+000
 1.88400004630317e+002    1.29953623170104e+000
 1.95627928806778e+002    1.35722155749117e+000
 2.02855852983239e+002    1.41490688328129e+000
 2.10083145752895e+002    1.47522728014152e+000
 2.17417567210624e+002    1.53290839655294e+000
 2.24644859980279e+002    1.59322879341316e+000
 2.31872152749934e+002    1.65354919027339e+000
 2.39313071488931e+002    1.71122609730610e+000
 2.46647492946660e+002    1.76890721371752e+000
 2.53874785716315e+002    1.82922761057775e+000
 2.61209207174044e+002    1.88690872698917e+000
 2.68436499943700e+002    1.94722912384939e+000
 2.75663792713355e+002    2.00754952070962e+000
 2.82891085483010e+002    2.06786991756984e+000
 2.90118378252666e+002    2.12819031443007e+000
 2.97452168303589e+002    2.18850650191158e+000
 3.04679461073244e+002    2.24882689877181e+000
 3.11906753842900e+002    2.30914729563203e+000
 3.19134046612555e+002    2.36946769249226e+000
 3.26360707975405e+002    2.43242316042258e+000
 3.33480872056987e+002    2.49538283773161e+000
 3.40708164826642e+002    2.55570323459183e+000
 3.47934826189492e+002    2.61865870252215e+000
 3.55161487552341e+002    2.68161417045248e+000
 3.62388148915190e+002    2.74456963838280e+000
 3.69615441684846e+002    2.80489003524302e+000
 3.76734974359622e+002    2.87048478362215e+000
 3.83853875627592e+002    2.93871460307137e+000
 3.91187034271709e+002    3.00166586162299e+000
 3.98413695634559e+002    3.06462132955331e+000
 4.05640988404214e+002    3.12494172641354e+000
 4.12867018360258e+002    3.19053226541396e+000
 4.19986551035034e+002    3.25612701379308e+000
 4.27212580991077e+002    3.32171755279350e+000
 4.34437979540315e+002    3.38994316286402e+000
 4.41557512215091e+002    3.45553791124315e+000
 4.48783542171134e+002    3.52112845024357e+000
 4.55903074845910e+002    3.58672319862269e+000
 4.63129104801954e+002    3.65231373762311e+000
 4.70248006069924e+002    3.72054355707234e+000
 4.77473404619162e+002    3.78876916714285e+000
 4.84592305887132e+002    3.85699898659208e+000
 4.91711207155102e+002    3.92522880604130e+000
 4.98829477016266e+002    3.99609369656062e+000
 5.05948378284236e+002    4.06432351600985e+000
 5.13067279552206e+002    4.13255333545907e+000
 5.20185549413370e+002    4.20341822597839e+000
 5.27303819274535e+002    4.27428311649771e+000
 5.34422720542505e+002    4.34251293594694e+000
 5.41541621810475e+002    4.41074275539616e+000
 5.48659260264833e+002    4.48424271698558e+000
 5.55776898719191e+002    4.55774267857500e+000
 5.62894537173550e+002    4.63124264016442e+000
 5.69905678346640e+002    4.70474681113254e+000
 5.76917450926537e+002    4.77561591103057e+000
 5.84035720787701e+002    4.84648080154989e+000
 5.91046861960792e+002    4.91998497251802e+000
 5.98057371727077e+002    4.99612421455624e+000
 6.05174378774629e+002    5.07225924721576e+000
 6.12184888540914e+002    5.14839848925398e+000
 6.19195398307198e+002    5.22453773129221e+000
 6.26205908073483e+002    5.30067697333043e+000
 6.33323546527841e+002    5.37417693491985e+000

Line #2
 9.64867472973158e+001    8.84196834757682e-001
 1.03712777253359e+002    9.49787373758102e-001
 1.10938807209403e+002    1.01537791275852e+000
 1.18058339884179e+002    1.08097266113765e+000
 1.25177241152149e+002    1.14920248058687e+000
 1.32296142420119e+002    1.21743230003610e+000
 1.39415043688089e+002    1.28566211948532e+000
 1.46533944956059e+002    1.35389193893454e+000
 1.53652846224029e+002    1.42212175838377e+000
 1.60878244773267e+002    1.49034736845428e+000
 1.67997777448043e+002    1.55594211683341e+000
 1.75116047309207e+002    1.62680700735273e+000
 1.82234317170371e+002    1.69767189787205e+000
 1.89353218438342e+002    1.76590171732128e+000
 1.96472119706312e+002    1.83413153677050e+000
 2.03590389567476e+002    1.90499642728982e+000
 2.10708659428640e+002    1.97586131780914e+000
 2.17826929289804e+002    2.04672620832847e+000
 2.24838701869701e+002    2.11759530822649e+000
 2.31956971730865e+002    2.18846019874582e+000
 2.39075241592029e+002    2.25932508926514e+000
 2.46086382765120e+002    2.33282926023326e+000
 2.53098155345016e+002    2.40369836013129e+000
 2.60109296518107e+002    2.47720253109942e+000
 2.67226934972465e+002    2.55070249268884e+000
 2.74238707552362e+002    2.62157159258686e+000
 2.81249848725453e+002    2.69507576355499e+000
 2.88368118586617e+002    2.76594065407431e+000
 2.95379259759708e+002    2.83944482504244e+000
 3.02496898214066e+002    2.91294478663186e+000
 3.09508039387157e+002    2.98644895759998e+000
 3.16625677841515e+002    3.05994891918940e+000
 3.23636819014606e+002    3.13345309015753e+000
 3.30647960187696e+002    3.20695726112565e+000
 3.37658469953981e+002    3.28309650316387e+000
 3.44668979720266e+002    3.35923574520210e+000
 3.51680120893356e+002    3.43273991617022e+000
 3.58584133378374e+002    3.50888336758715e+000
 3.65701771832732e+002    3.58238332917657e+000
 3.72819410287090e+002    3.65588329076599e+000
 3.79723422772107e+002    3.73202674218292e+000
 3.86733932538392e+002    3.80816598422114e+000
 3.93744442304677e+002    3.88430522625937e+000
 4.00754952070962e+002    3.96044446829759e+000
 4.07658964555979e+002    4.03658791971452e+000
 4.14669474322264e+002    4.11272716175274e+000
 4.21679984088549e+002    4.18886640379097e+000
 4.28689862448027e+002    4.26764071689929e+000
 4.35699740807506e+002    4.34641503000761e+000
 4.42709619166985e+002    4.42518934311593e+000
 4.49613000245196e+002    4.50396786560296e+000
 4.56622878604675e+002    4.58274217871128e+000
 4.63632756964154e+002    4.66151649181960e+000
 4.70536138042365e+002    4.74029501430663e+000
 4.77439519120577e+002    4.81907353679365e+000
 4.84449397480055e+002    4.89784784990197e+000
 4.91351515744655e+002    4.98189651452920e+000
 4.98147136727987e+002    5.06594938853513e+000
 5.05157015087466e+002    5.14472370164345e+000
 5.12167524853750e+002    5.22086294368167e+000
 5.18963777243888e+002    5.30228074661750e+000
 5.25865895508488e+002    5.38632941124472e+000
 5.32768013773087e+002    5.47037807587195e+000
 5.39670763444492e+002    5.55179166942907e+000
 5.46466384427824e+002    5.63584454343500e+000
 5.53368502692424e+002    5.71989320806222e+000
 5.60270620957023e+002    5.80394187268945e+000
 5.67066241940355e+002    5.88799474669537e+000
 5.73861862923687e+002    5.97204762070130e+000
 5.80656852500213e+002    6.05873556577733e+000
 5.87451842076739e+002    6.14542351085336e+000
 5.94247463060071e+002    6.22947638485929e+000
 6.01149581324671e+002    6.31352504948651e+000
 6.07945202308002e+002    6.39757792349244e+000
 6.14633063196455e+002    6.48690514901727e+000
 6.21320924084907e+002    6.57623237454210e+000
 6.28115282254627e+002    6.66555539068822e+000
 6.34803143143080e+002    6.75488261621305e+000
